Loaded road cost matrix:
[[0.         0.02225988 0.99027374 0.66213289 0.94538724]
 [0.02225988 0.         0.87443082 0.42840723 0.19109643]
 [0.99027374 0.87443082 0.         0.41199076 0.37440991]
 [0.66213289 0.42840723 0.41199076 0.         0.5948227 ]
 [0.94538724 0.19109643 0.37440991 0.5948227  0.        ]]
Running A*...
5 paths have been expanded and 6 paths remain in the frontier
CPU time 0.113401 seconds
Wall time 0.007073 seconds
Solution Path: (0, 1, 4, 2, 3, 0)
Solution Cost: 1.6618898722125257
Loaded road cost matrix:
[[0.         0.02225988 0.99027374 0.66213289 0.94538724]
 [0.02225988 0.         0.87443082 0.42840723 0.19109643]
 [0.99027374 0.87443082 0.         0.41199076 0.37440991]
 [0.66213289 0.42840723 0.41199076 0.         0.5948227 ]
 [0.94538724 0.19109643 0.37440991 0.5948227  0.        ]]
Display HC Progress across Generations (will override your provided matrix. Uses matrices of size 15 cities & 500 num_repeats)?Running hill climbing...
Provide num_repeats hyperparameter: CPU time 1.847326 seconds
Wall time 0.519150 seconds
Solution Path: (4, 1, 0, 3, 2, 4)
Solution Cost: 1.6618898722125257
Loaded road cost matrix:
[[0.         0.02225988 0.99027374 0.66213289 0.94538724]
 [0.02225988 0.         0.87443082 0.42840723 0.19109643]
 [0.99027374 0.87443082 0.         0.41199076 0.37440991]
 [0.66213289 0.42840723 0.41199076 0.         0.5948227 ]
 [0.94538724 0.19109643 0.37440991 0.5948227  0.        ]]
Display SA Progress across Generations (will override your provided matrix. Uses matrices of size 15 cities & 3000 max_iterations)?Running simulated annealing...
Provide (float) alpha hyperparameter: Provide initial_temperature hyperparameter: Provide max_iterations hyperparameter: CPU time 1.522147 seconds
Wall time 0.137832 seconds
Solution Path: (3, 0, 1, 4, 2, 3)
Solution Cost: 1.6618898722125257
Loaded road cost matrix:
[[0.         0.02225988 0.99027374 0.66213289 0.94538724]
 [0.02225988 0.         0.87443082 0.42840723 0.19109643]
 [0.99027374 0.87443082 0.         0.41199076 0.37440991]
 [0.66213289 0.42840723 0.41199076 0.         0.5948227 ]
 [0.94538724 0.19109643 0.37440991 0.5948227  0.        ]]
Display GA Progress across Generations (will override your provided matrix. Uses matrices of size 15 cities & 500 num_generations)?Running genetic algorithm...
Provide (float) mutation_chance hyperparameter: Provide population_size hyperparameter: Provide num_generations hyperparameter: CPU time 1.615675 seconds
Wall time 0.361249 seconds
Solution Path: (3, 0, 1, 4, 2, 3)
Solution Cost: 1.6618898722125257
Loaded road cost matrix:
[[0.         0.47458149 0.13660607 0.32961947 0.09090717]
 [0.47458149 0.         0.62084691 0.28813573 0.52058496]
 [0.13660607 0.62084691 0.         0.49837322 0.69704653]
 [0.32961947 0.28813573 0.49837322 0.         0.86205314]
 [0.09090717 0.52058496 0.69704653 0.86205314 0.        ]]
Running A*...
5 paths have been expanded and 6 paths remain in the frontier
CPU time 0.057698 seconds
Wall time 0.002333 seconds
Solution Path: (0, 2, 3, 1, 4, 0)
Solution Cost: 1.5346071521507416
Loaded road cost matrix:
[[0.         0.47458149 0.13660607 0.32961947 0.09090717]
 [0.47458149 0.         0.62084691 0.28813573 0.52058496]
 [0.13660607 0.62084691 0.         0.49837322 0.69704653]
 [0.32961947 0.28813573 0.49837322 0.         0.86205314]
 [0.09090717 0.52058496 0.69704653 0.86205314 0.        ]]
Display HC Progress across Generations (will override your provided matrix. Uses matrices of size 15 cities & 500 num_repeats)?Running hill climbing...
Provide num_repeats hyperparameter: CPU time 1.821338 seconds
Wall time 0.529173 seconds
Solution Path: (2, 0, 4, 1, 3, 2)
Solution Cost: 1.5346071521507416
Loaded road cost matrix:
[[0.         0.47458149 0.13660607 0.32961947 0.09090717]
 [0.47458149 0.         0.62084691 0.28813573 0.52058496]
 [0.13660607 0.62084691 0.         0.49837322 0.69704653]
 [0.32961947 0.28813573 0.49837322 0.         0.86205314]
 [0.09090717 0.52058496 0.69704653 0.86205314 0.        ]]
Display SA Progress across Generations (will override your provided matrix. Uses matrices of size 15 cities & 3000 max_iterations)?Running simulated annealing...
Provide (float) alpha hyperparameter: Provide initial_temperature hyperparameter: Provide max_iterations hyperparameter: CPU time 1.527952 seconds
Wall time 0.140596 seconds
Solution Path: (4, 1, 3, 2, 0, 4)
Solution Cost: 1.5346071521507418
Loaded road cost matrix:
[[0.         0.47458149 0.13660607 0.32961947 0.09090717]
 [0.47458149 0.         0.62084691 0.28813573 0.52058496]
 [0.13660607 0.62084691 0.         0.49837322 0.69704653]
 [0.32961947 0.28813573 0.49837322 0.         0.86205314]
 [0.09090717 0.52058496 0.69704653 0.86205314 0.        ]]
Display GA Progress across Generations (will override your provided matrix. Uses matrices of size 15 cities & 500 num_generations)?Running genetic algorithm...
Provide (float) mutation_chance hyperparameter: Provide population_size hyperparameter: Provide num_generations hyperparameter: CPU time 1.696741 seconds
Wall time 0.360017 seconds
Solution Path: (2, 0, 4, 1, 3, 2)
Solution Cost: 1.5346071521507416
Loaded road cost matrix:
[[0.         0.25604504 0.38379712 0.82268491 0.38865574]
 [0.25604504 0.         0.12419211 0.46185188 0.52274028]
 [0.38379712 0.12419211 0.         0.30511996 0.35804382]
 [0.82268491 0.46185188 0.30511996 0.         0.20138864]
 [0.38865574 0.52274028 0.35804382 0.20138864 0.        ]]
Running A*...
5 paths have been expanded and 6 paths remain in the frontier
CPU time 0.006467 seconds
Wall time 0.002415 seconds
Solution Path: (0, 1, 2, 3, 4, 0)
Solution Cost: 1.2754015017456721
Loaded road cost matrix:
[[0.         0.25604504 0.38379712 0.82268491 0.38865574]
 [0.25604504 0.         0.12419211 0.46185188 0.52274028]
 [0.38379712 0.12419211 0.         0.30511996 0.35804382]
 [0.82268491 0.46185188 0.30511996 0.         0.20138864]
 [0.38865574 0.52274028 0.35804382 0.20138864 0.        ]]
Display HC Progress across Generations (will override your provided matrix. Uses matrices of size 15 cities & 500 num_repeats)?Running hill climbing...
Provide num_repeats hyperparameter: CPU time 1.861527 seconds
Wall time 0.571020 seconds
Solution Path: (2, 3, 4, 0, 1, 2)
Solution Cost: 1.2754015017456721
Loaded road cost matrix:
[[0.         0.25604504 0.38379712 0.82268491 0.38865574]
 [0.25604504 0.         0.12419211 0.46185188 0.52274028]
 [0.38379712 0.12419211 0.         0.30511996 0.35804382]
 [0.82268491 0.46185188 0.30511996 0.         0.20138864]
 [0.38865574 0.52274028 0.35804382 0.20138864 0.        ]]
Display SA Progress across Generations (will override your provided matrix. Uses matrices of size 15 cities & 3000 max_iterations)?Running simulated annealing...
Provide (float) alpha hyperparameter: Provide initial_temperature hyperparameter: Provide max_iterations hyperparameter: CPU time 1.522637 seconds
Wall time 0.136929 seconds
Solution Path: (2, 3, 4, 0, 1, 2)
Solution Cost: 1.2754015017456721
Loaded road cost matrix:
[[0.         0.25604504 0.38379712 0.82268491 0.38865574]
 [0.25604504 0.         0.12419211 0.46185188 0.52274028]
 [0.38379712 0.12419211 0.         0.30511996 0.35804382]
 [0.82268491 0.46185188 0.30511996 0.         0.20138864]
 [0.38865574 0.52274028 0.35804382 0.20138864 0.        ]]
Display GA Progress across Generations (will override your provided matrix. Uses matrices of size 15 cities & 500 num_generations)?Running genetic algorithm...
Provide (float) mutation_chance hyperparameter: Provide population_size hyperparameter: Provide num_generations hyperparameter: CPU time 1.665521 seconds
Wall time 0.371863 seconds
Solution Path: (2, 1, 0, 4, 3, 2)
Solution Cost: 1.2754015017456721
Loaded road cost matrix:
[[0.         0.67206567 0.59499106 0.3700486  0.58451232]
 [0.67206567 0.         0.36143752 0.65958254 0.65678211]
 [0.59499106 0.36143752 0.         0.55508121 0.08763324]
 [0.3700486  0.65958254 0.55508121 0.         0.76835002]
 [0.58451232 0.65678211 0.08763324 0.76835002 0.        ]]
Running A*...
8 paths have been expanded and 11 paths remain in the frontier
CPU time 0.061162 seconds
Wall time 0.003521 seconds
Solution Path: (0, 3, 1, 2, 4, 0)
Solution Cost: 2.0632142369780415
Loaded road cost matrix:
[[0.         0.67206567 0.59499106 0.3700486  0.58451232]
 [0.67206567 0.         0.36143752 0.65958254 0.65678211]
 [0.59499106 0.36143752 0.         0.55508121 0.08763324]
 [0.3700486  0.65958254 0.55508121 0.         0.76835002]
 [0.58451232 0.65678211 0.08763324 0.76835002 0.        ]]
Display HC Progress across Generations (will override your provided matrix. Uses matrices of size 15 cities & 500 num_repeats)?Running hill climbing...
Provide num_repeats hyperparameter: CPU time 1.841815 seconds
Wall time 0.546266 seconds
Solution Path: (3, 0, 4, 2, 1, 3)
Solution Cost: 2.063214236978041
Loaded road cost matrix:
[[0.         0.67206567 0.59499106 0.3700486  0.58451232]
 [0.67206567 0.         0.36143752 0.65958254 0.65678211]
 [0.59499106 0.36143752 0.         0.55508121 0.08763324]
 [0.3700486  0.65958254 0.55508121 0.         0.76835002]
 [0.58451232 0.65678211 0.08763324 0.76835002 0.        ]]
Display SA Progress across Generations (will override your provided matrix. Uses matrices of size 15 cities & 3000 max_iterations)?Running simulated annealing...
Provide (float) alpha hyperparameter: Provide initial_temperature hyperparameter: Provide max_iterations hyperparameter: CPU time 1.469555 seconds
Wall time 0.136543 seconds
Solution Path: (2, 4, 0, 3, 1, 2)
Solution Cost: 2.0632142369780415
Loaded road cost matrix:
[[0.         0.67206567 0.59499106 0.3700486  0.58451232]
 [0.67206567 0.         0.36143752 0.65958254 0.65678211]
 [0.59499106 0.36143752 0.         0.55508121 0.08763324]
 [0.3700486  0.65958254 0.55508121 0.         0.76835002]
 [0.58451232 0.65678211 0.08763324 0.76835002 0.        ]]
Display GA Progress across Generations (will override your provided matrix. Uses matrices of size 15 cities & 500 num_generations)?Running genetic algorithm...
Provide (float) mutation_chance hyperparameter: Provide population_size hyperparameter: Provide num_generations hyperparameter: CPU time 1.667709 seconds
Wall time 0.350449 seconds
Solution Path: (4, 0, 3, 1, 2, 4)
Solution Cost: 2.063214236978041
Loaded road cost matrix:
[[0.         0.25362789 0.58095221 0.59690669 0.60694126]
 [0.25362789 0.         0.88466269 0.71032514 0.29293269]
 [0.58095221 0.88466269 0.         0.00708385 0.66977304]
 [0.59690669 0.71032514 0.00708385 0.         0.0386635 ]
 [0.60694126 0.29293269 0.66977304 0.0386635  0.        ]]
Running A*...
5 paths have been expanded and 6 paths remain in the frontier
CPU time 0.003122 seconds
Wall time 0.003550 seconds
Solution Path: (0, 1, 4, 3, 2, 0)
Solution Cost: 1.1732601440847197
Loaded road cost matrix:
[[0.         0.25362789 0.58095221 0.59690669 0.60694126]
 [0.25362789 0.         0.88466269 0.71032514 0.29293269]
 [0.58095221 0.88466269 0.         0.00708385 0.66977304]
 [0.59690669 0.71032514 0.00708385 0.         0.0386635 ]
 [0.60694126 0.29293269 0.66977304 0.0386635  0.        ]]
Display HC Progress across Generations (will override your provided matrix. Uses matrices of size 15 cities & 500 num_repeats)?Running hill climbing...
Provide num_repeats hyperparameter: CPU time 1.797167 seconds
Wall time 0.526155 seconds
Solution Path: (4, 3, 2, 0, 1, 4)
Solution Cost: 1.1732601440847197
Loaded road cost matrix:
[[0.         0.25362789 0.58095221 0.59690669 0.60694126]
 [0.25362789 0.         0.88466269 0.71032514 0.29293269]
 [0.58095221 0.88466269 0.         0.00708385 0.66977304]
 [0.59690669 0.71032514 0.00708385 0.         0.0386635 ]
 [0.60694126 0.29293269 0.66977304 0.0386635  0.        ]]
Display SA Progress across Generations (will override your provided matrix. Uses matrices of size 15 cities & 3000 max_iterations)?Running simulated annealing...
Provide (float) alpha hyperparameter: Provide initial_temperature hyperparameter: Provide max_iterations hyperparameter: CPU time 1.492883 seconds
Wall time 0.136020 seconds
Solution Path: (3, 2, 0, 1, 4, 3)
Solution Cost: 1.1732601440847197
Loaded road cost matrix:
[[0.         0.25362789 0.58095221 0.59690669 0.60694126]
 [0.25362789 0.         0.88466269 0.71032514 0.29293269]
 [0.58095221 0.88466269 0.         0.00708385 0.66977304]
 [0.59690669 0.71032514 0.00708385 0.         0.0386635 ]
 [0.60694126 0.29293269 0.66977304 0.0386635  0.        ]]
Display GA Progress across Generations (will override your provided matrix. Uses matrices of size 15 cities & 500 num_generations)?Running genetic algorithm...
Provide (float) mutation_chance hyperparameter: Provide population_size hyperparameter: Provide num_generations hyperparameter: CPU time 1.675619 seconds
Wall time 0.341745 seconds
Solution Path: (3, 2, 0, 1, 4, 3)
Solution Cost: 1.1732601440847197
Loaded road cost matrix:
[[0.         0.29406584 0.71189152 0.89886878 0.30869943]
 [0.29406584 0.         0.14167959 0.32065917 0.81598165]
 [0.71189152 0.14167959 0.         0.80118407 0.11014777]
 [0.89886878 0.32065917 0.80118407 0.         0.84820104]
 [0.30869943 0.81598165 0.11014777 0.84820104 0.        ]]
Running A*...
9 paths have been expanded and 12 paths remain in the frontier
CPU time 0.058222 seconds
Wall time 0.003724 seconds
Solution Path: (0, 3, 1, 2, 4, 0)
Solution Cost: 1.780054743571514
Loaded road cost matrix:
[[0.         0.29406584 0.71189152 0.89886878 0.30869943]
 [0.29406584 0.         0.14167959 0.32065917 0.81598165]
 [0.71189152 0.14167959 0.         0.80118407 0.11014777]
 [0.89886878 0.32065917 0.80118407 0.         0.84820104]
 [0.30869943 0.81598165 0.11014777 0.84820104 0.        ]]
Display HC Progress across Generations (will override your provided matrix. Uses matrices of size 15 cities & 500 num_repeats)?Running hill climbing...
Provide num_repeats hyperparameter: CPU time 1.761200 seconds
Wall time 0.515688 seconds
Solution Path: (0, 3, 1, 2, 4, 0)
Solution Cost: 1.780054743571514
Loaded road cost matrix:
[[0.         0.29406584 0.71189152 0.89886878 0.30869943]
 [0.29406584 0.         0.14167959 0.32065917 0.81598165]
 [0.71189152 0.14167959 0.         0.80118407 0.11014777]
 [0.89886878 0.32065917 0.80118407 0.         0.84820104]
 [0.30869943 0.81598165 0.11014777 0.84820104 0.        ]]
Display SA Progress across Generations (will override your provided matrix. Uses matrices of size 15 cities & 3000 max_iterations)?Running simulated annealing...
Provide (float) alpha hyperparameter: Provide initial_temperature hyperparameter: Provide max_iterations hyperparameter: CPU time 1.485609 seconds
Wall time 0.139445 seconds
Solution Path: (1, 3, 0, 4, 2, 1)
Solution Cost: 1.780054743571514
Loaded road cost matrix:
[[0.         0.29406584 0.71189152 0.89886878 0.30869943]
 [0.29406584 0.         0.14167959 0.32065917 0.81598165]
 [0.71189152 0.14167959 0.         0.80118407 0.11014777]
 [0.89886878 0.32065917 0.80118407 0.         0.84820104]
 [0.30869943 0.81598165 0.11014777 0.84820104 0.        ]]
Display GA Progress across Generations (will override your provided matrix. Uses matrices of size 15 cities & 500 num_generations)?Running genetic algorithm...
Provide (float) mutation_chance hyperparameter: Provide population_size hyperparameter: Provide num_generations hyperparameter: CPU time 1.672997 seconds
Wall time -2.120704 seconds
Solution Path: (3, 1, 2, 4, 0, 3)
Solution Cost: 1.780054743571514
Loaded road cost matrix:
[[0.         0.6088761  0.78076065 0.95341814 0.89066032]
 [0.6088761  0.         0.58349306 0.31661137 0.4741117 ]
 [0.78076065 0.58349306 0.         0.25337598 0.48192861]
 [0.95341814 0.31661137 0.25337598 0.         0.40838025]
 [0.89066032 0.4741117  0.48192861 0.40838025 0.        ]]
Running A*...
9 paths have been expanded and 12 paths remain in the frontier
CPU time 0.058894 seconds
Wall time 0.003818 seconds
Solution Path: (0, 1, 4, 3, 2, 0)
Solution Cost: 2.525504675545751
Loaded road cost matrix:
[[0.         0.6088761  0.78076065 0.95341814 0.89066032]
 [0.6088761  0.         0.58349306 0.31661137 0.4741117 ]
 [0.78076065 0.58349306 0.         0.25337598 0.48192861]
 [0.95341814 0.31661137 0.25337598 0.         0.40838025]
 [0.89066032 0.4741117  0.48192861 0.40838025 0.        ]]
Display HC Progress across Generations (will override your provided matrix. Uses matrices of size 15 cities & 500 num_repeats)?Running hill climbing...
Provide num_repeats hyperparameter: CPU time 1.820968 seconds
Wall time 0.480301 seconds
Solution Path: (3, 2, 0, 1, 4, 3)
Solution Cost: 2.525504675545751
Loaded road cost matrix:
[[0.         0.6088761  0.78076065 0.95341814 0.89066032]
 [0.6088761  0.         0.58349306 0.31661137 0.4741117 ]
 [0.78076065 0.58349306 0.         0.25337598 0.48192861]
 [0.95341814 0.31661137 0.25337598 0.         0.40838025]
 [0.89066032 0.4741117  0.48192861 0.40838025 0.        ]]
Display SA Progress across Generations (will override your provided matrix. Uses matrices of size 15 cities & 3000 max_iterations)?Running simulated annealing...
Provide (float) alpha hyperparameter: Provide initial_temperature hyperparameter: Provide max_iterations hyperparameter: CPU time 1.488369 seconds
Wall time 0.142138 seconds
Solution Path: (1, 4, 3, 2, 0, 1)
Solution Cost: 2.525504675545751
Loaded road cost matrix:
[[0.         0.6088761  0.78076065 0.95341814 0.89066032]
 [0.6088761  0.         0.58349306 0.31661137 0.4741117 ]
 [0.78076065 0.58349306 0.         0.25337598 0.48192861]
 [0.95341814 0.31661137 0.25337598 0.         0.40838025]
 [0.89066032 0.4741117  0.48192861 0.40838025 0.        ]]
Display GA Progress across Generations (will override your provided matrix. Uses matrices of size 15 cities & 500 num_generations)?Running genetic algorithm...
Provide (float) mutation_chance hyperparameter: Provide population_size hyperparameter: Provide num_generations hyperparameter: CPU time 1.670877 seconds
Wall time 0.376136 seconds
Solution Path: (0, 1, 4, 3, 2, 0)
Solution Cost: 2.525504675545751
Loaded road cost matrix:
[[0.         0.87222111 0.33652691 0.47675842 0.24716663]
 [0.87222111 0.         0.3627639  0.60344241 0.41438237]
 [0.33652691 0.3627639  0.         0.33834615 0.51490913]
 [0.47675842 0.60344241 0.33834615 0.         0.59605592]
 [0.24716663 0.41438237 0.51490913 0.59605592 0.        ]]
Running A*...
7 paths have been expanded and 9 paths remain in the frontier
CPU time 0.057955 seconds
Wall time 0.002931 seconds
Solution Path: (0, 3, 2, 1, 4, 0)
Solution Cost: 1.8394174641454422
Loaded road cost matrix:
[[0.         0.87222111 0.33652691 0.47675842 0.24716663]
 [0.87222111 0.         0.3627639  0.60344241 0.41438237]
 [0.33652691 0.3627639  0.         0.33834615 0.51490913]
 [0.47675842 0.60344241 0.33834615 0.         0.59605592]
 [0.24716663 0.41438237 0.51490913 0.59605592 0.        ]]
Display HC Progress across Generations (will override your provided matrix. Uses matrices of size 15 cities & 500 num_repeats)?Running hill climbing...
Provide num_repeats hyperparameter: CPU time 1.717853 seconds
Wall time 0.629085 seconds
Solution Path: (0, 4, 1, 2, 3, 0)
Solution Cost: 1.839417464145442
Loaded road cost matrix:
[[0.         0.87222111 0.33652691 0.47675842 0.24716663]
 [0.87222111 0.         0.3627639  0.60344241 0.41438237]
 [0.33652691 0.3627639  0.         0.33834615 0.51490913]
 [0.47675842 0.60344241 0.33834615 0.         0.59605592]
 [0.24716663 0.41438237 0.51490913 0.59605592 0.        ]]
Display SA Progress across Generations (will override your provided matrix. Uses matrices of size 15 cities & 3000 max_iterations)?Running simulated annealing...
Provide (float) alpha hyperparameter: Provide initial_temperature hyperparameter: Provide max_iterations hyperparameter: CPU time 1.469258 seconds
Wall time 0.133875 seconds
Solution Path: (3, 0, 4, 1, 2, 3)
Solution Cost: 1.8394174641454422
Loaded road cost matrix:
[[0.         0.87222111 0.33652691 0.47675842 0.24716663]
 [0.87222111 0.         0.3627639  0.60344241 0.41438237]
 [0.33652691 0.3627639  0.         0.33834615 0.51490913]
 [0.47675842 0.60344241 0.33834615 0.         0.59605592]
 [0.24716663 0.41438237 0.51490913 0.59605592 0.        ]]
Display GA Progress across Generations (will override your provided matrix. Uses matrices of size 15 cities & 500 num_generations)?Running genetic algorithm...
Provide (float) mutation_chance hyperparameter: Provide population_size hyperparameter: Provide num_generations hyperparameter: CPU time 1.690932 seconds
Wall time 0.356972 seconds
Solution Path: (0, 4, 1, 2, 3, 0)
Solution Cost: 1.839417464145442
Loaded road cost matrix:
[[0.         0.40595364 0.84317921 0.33197742 0.13587133]
 [0.40595364 0.         0.82121382 0.97706057 0.39158589]
 [0.84317921 0.82121382 0.         0.85112483 0.87261868]
 [0.33197742 0.97706057 0.85112483 0.         0.57445089]
 [0.13587133 0.39158589 0.87261868 0.57445089 0.        ]]
Running A*...
7 paths have been expanded and 9 paths remain in the frontier
CPU time 0.058169 seconds
Wall time 0.003019 seconds
Solution Path: (0, 3, 2, 1, 4, 0)
Solution Cost: 2.5317732913983138
Loaded road cost matrix:
[[0.         0.40595364 0.84317921 0.33197742 0.13587133]
 [0.40595364 0.         0.82121382 0.97706057 0.39158589]
 [0.84317921 0.82121382 0.         0.85112483 0.87261868]
 [0.33197742 0.97706057 0.85112483 0.         0.57445089]
 [0.13587133 0.39158589 0.87261868 0.57445089 0.        ]]
Display HC Progress across Generations (will override your provided matrix. Uses matrices of size 15 cities & 500 num_repeats)?Running hill climbing...
Provide num_repeats hyperparameter: CPU time 1.799500 seconds
Wall time 0.529701 seconds
Solution Path: (1, 2, 3, 0, 4, 1)
Solution Cost: 2.5317732913983138
Loaded road cost matrix:
[[0.         0.40595364 0.84317921 0.33197742 0.13587133]
 [0.40595364 0.         0.82121382 0.97706057 0.39158589]
 [0.84317921 0.82121382 0.         0.85112483 0.87261868]
 [0.33197742 0.97706057 0.85112483 0.         0.57445089]
 [0.13587133 0.39158589 0.87261868 0.57445089 0.        ]]
Display SA Progress across Generations (will override your provided matrix. Uses matrices of size 15 cities & 3000 max_iterations)?Running simulated annealing...
Provide (float) alpha hyperparameter: Provide initial_temperature hyperparameter: Provide max_iterations hyperparameter: CPU time 1.459597 seconds
Wall time 0.137008 seconds
Solution Path: (3, 2, 1, 4, 0, 3)
Solution Cost: 2.5317732913983138
Loaded road cost matrix:
[[0.         0.40595364 0.84317921 0.33197742 0.13587133]
 [0.40595364 0.         0.82121382 0.97706057 0.39158589]
 [0.84317921 0.82121382 0.         0.85112483 0.87261868]
 [0.33197742 0.97706057 0.85112483 0.         0.57445089]
 [0.13587133 0.39158589 0.87261868 0.57445089 0.        ]]
Display GA Progress across Generations (will override your provided matrix. Uses matrices of size 15 cities & 500 num_generations)?Running genetic algorithm...
Provide (float) mutation_chance hyperparameter: Provide population_size hyperparameter: Provide num_generations hyperparameter: CPU time 1.623654 seconds
Wall time 0.357021 seconds
Solution Path: (0, 4, 1, 2, 3, 0)
Solution Cost: 2.5317732913983138
Loaded road cost matrix:
[[0.         0.77166732 0.20644942 0.64645244 0.82233672]
 [0.77166732 0.         0.40959609 0.0576696  0.90362742]
 [0.20644942 0.40959609 0.         0.37805993 0.72706021]
 [0.64645244 0.0576696  0.37805993 0.         0.74876508]
 [0.82233672 0.90362742 0.72706021 0.74876508 0.        ]]
Running A*...
13 paths have been expanded and 15 paths remain in the frontier
CPU time 0.057396 seconds
Wall time 0.004546 seconds
Solution Path: (0, 2, 1, 3, 4, 0)
Solution Cost: 2.24481691734815
Loaded road cost matrix:
[[0.         0.77166732 0.20644942 0.64645244 0.82233672]
 [0.77166732 0.         0.40959609 0.0576696  0.90362742]
 [0.20644942 0.40959609 0.         0.37805993 0.72706021]
 [0.64645244 0.0576696  0.37805993 0.         0.74876508]
 [0.82233672 0.90362742 0.72706021 0.74876508 0.        ]]
Display HC Progress across Generations (will override your provided matrix. Uses matrices of size 15 cities & 500 num_repeats)?Running hill climbing...
Provide num_repeats hyperparameter: CPU time 1.851002 seconds
Wall time 0.522868 seconds
Solution Path: (1, 2, 0, 4, 3, 1)
Solution Cost: 2.2448169173481496
Loaded road cost matrix:
[[0.         0.77166732 0.20644942 0.64645244 0.82233672]
 [0.77166732 0.         0.40959609 0.0576696  0.90362742]
 [0.20644942 0.40959609 0.         0.37805993 0.72706021]
 [0.64645244 0.0576696  0.37805993 0.         0.74876508]
 [0.82233672 0.90362742 0.72706021 0.74876508 0.        ]]
Display SA Progress across Generations (will override your provided matrix. Uses matrices of size 15 cities & 3000 max_iterations)?Running simulated annealing...
Provide (float) alpha hyperparameter: Provide initial_temperature hyperparameter: Provide max_iterations hyperparameter: CPU time 1.476886 seconds
Wall time 0.138747 seconds
Solution Path: (0, 4, 3, 1, 2, 0)
Solution Cost: 2.24481691734815
Loaded road cost matrix:
[[0.         0.77166732 0.20644942 0.64645244 0.82233672]
 [0.77166732 0.         0.40959609 0.0576696  0.90362742]
 [0.20644942 0.40959609 0.         0.37805993 0.72706021]
 [0.64645244 0.0576696  0.37805993 0.         0.74876508]
 [0.82233672 0.90362742 0.72706021 0.74876508 0.        ]]
Display GA Progress across Generations (will override your provided matrix. Uses matrices of size 15 cities & 500 num_generations)?Running genetic algorithm...
Provide (float) mutation_chance hyperparameter: Provide population_size hyperparameter: Provide num_generations hyperparameter: CPU time 1.666530 seconds
Wall time 0.352520 seconds
Solution Path: (2, 0, 4, 3, 1, 2)
Solution Cost: 2.2448169173481496
Loaded road cost matrix:
[[0.         0.02036673 0.47731795 0.48265391 0.59223037 0.68966397]
 [0.02036673 0.         0.80529916 0.62310686 0.96165449 0.53941728]
 [0.47731795 0.80529916 0.         0.6007727  0.70768983 0.86197912]
 [0.48265391 0.62310686 0.6007727  0.         0.7303765  0.06797575]
 [0.59223037 0.96165449 0.70768983 0.7303765  0.         0.98409899]
 [0.68966397 0.53941728 0.86197912 0.06797575 0.98409899 0.        ]]
Running A*...
8 paths have been expanded and 16 paths remain in the frontier
CPU time 0.114614 seconds
Wall time 0.005448 seconds
Solution Path: (0, 1, 5, 3, 2, 4, 0)
Solution Cost: 2.528452679585759
Loaded road cost matrix:
[[0.         0.02036673 0.47731795 0.48265391 0.59223037 0.68966397]
 [0.02036673 0.         0.80529916 0.62310686 0.96165449 0.53941728]
 [0.47731795 0.80529916 0.         0.6007727  0.70768983 0.86197912]
 [0.48265391 0.62310686 0.6007727  0.         0.7303765  0.06797575]
 [0.59223037 0.96165449 0.70768983 0.7303765  0.         0.98409899]
 [0.68966397 0.53941728 0.86197912 0.06797575 0.98409899 0.        ]]
Display HC Progress across Generations (will override your provided matrix. Uses matrices of size 15 cities & 500 num_repeats)?Running hill climbing...
Provide num_repeats hyperparameter: CPU time 1.988916 seconds
Wall time 0.679115 seconds
Solution Path: (5, 1, 0, 4, 2, 3, 5)
Solution Cost: 2.528452679585759
Loaded road cost matrix:
[[0.         0.02036673 0.47731795 0.48265391 0.59223037 0.68966397]
 [0.02036673 0.         0.80529916 0.62310686 0.96165449 0.53941728]
 [0.47731795 0.80529916 0.         0.6007727  0.70768983 0.86197912]
 [0.48265391 0.62310686 0.6007727  0.         0.7303765  0.06797575]
 [0.59223037 0.96165449 0.70768983 0.7303765  0.         0.98409899]
 [0.68966397 0.53941728 0.86197912 0.06797575 0.98409899 0.        ]]
Display SA Progress across Generations (will override your provided matrix. Uses matrices of size 15 cities & 3000 max_iterations)?Running simulated annealing...
Provide (float) alpha hyperparameter: Provide initial_temperature hyperparameter: Provide max_iterations hyperparameter: CPU time 1.480833 seconds
Wall time 0.151534 seconds
Solution Path: (0, 1, 5, 3, 2, 4, 0)
Solution Cost: 2.528452679585759
Loaded road cost matrix:
[[0.         0.02036673 0.47731795 0.48265391 0.59223037 0.68966397]
 [0.02036673 0.         0.80529916 0.62310686 0.96165449 0.53941728]
 [0.47731795 0.80529916 0.         0.6007727  0.70768983 0.86197912]
 [0.48265391 0.62310686 0.6007727  0.         0.7303765  0.06797575]
 [0.59223037 0.96165449 0.70768983 0.7303765  0.         0.98409899]
 [0.68966397 0.53941728 0.86197912 0.06797575 0.98409899 0.        ]]
Display GA Progress across Generations (will override your provided matrix. Uses matrices of size 15 cities & 500 num_generations)?Running genetic algorithm...
Provide (float) mutation_chance hyperparameter: Provide population_size hyperparameter: Provide num_generations hyperparameter: CPU time 1.687886 seconds
Wall time 0.391847 seconds
Solution Path: (5, 3, 2, 4, 0, 1, 5)
Solution Cost: 2.528452679585759
Loaded road cost matrix:
[[0.         0.85416101 0.53419909 0.68029502 0.99498627 0.03256218]
 [0.85416101 0.         0.96287581 0.05233362 0.45128552 0.47590317]
 [0.53419909 0.96287581 0.         0.15363767 0.71764341 0.96350714]
 [0.68029502 0.05233362 0.15363767 0.         0.52988933 0.67373853]
 [0.99498627 0.45128552 0.71764341 0.52988933 0.         0.71113634]
 [0.03256218 0.47590317 0.96350714 0.67373853 0.71113634 0.        ]]
Running A*...
8 paths have been expanded and 15 paths remain in the frontier
CPU time 0.060310 seconds
Wall time 0.005254 seconds
Solution Path: (0, 2, 3, 1, 4, 5, 0)
Solution Cost: 1.9351544152417293
Loaded road cost matrix:
[[0.         0.85416101 0.53419909 0.68029502 0.99498627 0.03256218]
 [0.85416101 0.         0.96287581 0.05233362 0.45128552 0.47590317]
 [0.53419909 0.96287581 0.         0.15363767 0.71764341 0.96350714]
 [0.68029502 0.05233362 0.15363767 0.         0.52988933 0.67373853]
 [0.99498627 0.45128552 0.71764341 0.52988933 0.         0.71113634]
 [0.03256218 0.47590317 0.96350714 0.67373853 0.71113634 0.        ]]
Display HC Progress across Generations (will override your provided matrix. Uses matrices of size 15 cities & 500 num_repeats)?Running hill climbing...
Provide num_repeats hyperparameter: CPU time 1.763186 seconds
Wall time 0.675775 seconds
Solution Path: (5, 0, 2, 3, 1, 4, 5)
Solution Cost: 1.9351544152417293
Loaded road cost matrix:
[[0.         0.85416101 0.53419909 0.68029502 0.99498627 0.03256218]
 [0.85416101 0.         0.96287581 0.05233362 0.45128552 0.47590317]
 [0.53419909 0.96287581 0.         0.15363767 0.71764341 0.96350714]
 [0.68029502 0.05233362 0.15363767 0.         0.52988933 0.67373853]
 [0.99498627 0.45128552 0.71764341 0.52988933 0.         0.71113634]
 [0.03256218 0.47590317 0.96350714 0.67373853 0.71113634 0.        ]]
Display SA Progress across Generations (will override your provided matrix. Uses matrices of size 15 cities & 3000 max_iterations)?Running simulated annealing...
Provide (float) alpha hyperparameter: Provide initial_temperature hyperparameter: Provide max_iterations hyperparameter: CPU time 1.452833 seconds
Wall time 0.145298 seconds
Solution Path: (1, 4, 5, 0, 2, 3, 1)
Solution Cost: 1.9351544152417293
Loaded road cost matrix:
[[0.         0.85416101 0.53419909 0.68029502 0.99498627 0.03256218]
 [0.85416101 0.         0.96287581 0.05233362 0.45128552 0.47590317]
 [0.53419909 0.96287581 0.         0.15363767 0.71764341 0.96350714]
 [0.68029502 0.05233362 0.15363767 0.         0.52988933 0.67373853]
 [0.99498627 0.45128552 0.71764341 0.52988933 0.         0.71113634]
 [0.03256218 0.47590317 0.96350714 0.67373853 0.71113634 0.        ]]
Display GA Progress across Generations (will override your provided matrix. Uses matrices of size 15 cities & 500 num_generations)?Running genetic algorithm...
Provide (float) mutation_chance hyperparameter: Provide population_size hyperparameter: Provide num_generations hyperparameter: CPU time 1.651697 seconds
Wall time 0.394233 seconds
Solution Path: (2, 0, 5, 4, 1, 3, 2)
Solution Cost: 1.9351544152417293
Loaded road cost matrix:
[[0.         0.10327208 0.69152171 0.98645025 0.68937703 0.22220281]
 [0.10327208 0.         0.34563156 0.1419003  0.49572155 0.93101244]
 [0.69152171 0.34563156 0.         0.84075664 0.12554917 0.32324414]
 [0.98645025 0.1419003  0.84075664 0.         0.96622522 0.76886313]
 [0.68937703 0.49572155 0.12554917 0.96622522 0.         0.677847  ]
 [0.22220281 0.93101244 0.32324414 0.76886313 0.677847   0.        ]]
Running A*...
13 paths have been expanded and 24 paths remain in the frontier
CPU time 0.117347 seconds
Wall time 0.007153 seconds
Solution Path: (0, 5, 2, 4, 3, 1, 0)
Solution Cost: 1.8823937233944261
Loaded road cost matrix:
[[0.         0.10327208 0.69152171 0.98645025 0.68937703 0.22220281]
 [0.10327208 0.         0.34563156 0.1419003  0.49572155 0.93101244]
 [0.69152171 0.34563156 0.         0.84075664 0.12554917 0.32324414]
 [0.98645025 0.1419003  0.84075664 0.         0.96622522 0.76886313]
 [0.68937703 0.49572155 0.12554917 0.96622522 0.         0.677847  ]
 [0.22220281 0.93101244 0.32324414 0.76886313 0.677847   0.        ]]
Display HC Progress across Generations (will override your provided matrix. Uses matrices of size 15 cities & 500 num_repeats)?Running hill climbing...
Provide num_repeats hyperparameter: CPU time 1.976573 seconds
Wall time 0.676267 seconds
Solution Path: (1, 0, 5, 2, 4, 3, 1)
Solution Cost: 1.8823937233944261
Loaded road cost matrix:
[[0.         0.10327208 0.69152171 0.98645025 0.68937703 0.22220281]
 [0.10327208 0.         0.34563156 0.1419003  0.49572155 0.93101244]
 [0.69152171 0.34563156 0.         0.84075664 0.12554917 0.32324414]
 [0.98645025 0.1419003  0.84075664 0.         0.96622522 0.76886313]
 [0.68937703 0.49572155 0.12554917 0.96622522 0.         0.677847  ]
 [0.22220281 0.93101244 0.32324414 0.76886313 0.677847   0.        ]]
Display SA Progress across Generations (will override your provided matrix. Uses matrices of size 15 cities & 3000 max_iterations)?Running simulated annealing...
Provide (float) alpha hyperparameter: Provide initial_temperature hyperparameter: Provide max_iterations hyperparameter: CPU time 1.454372 seconds
Wall time 0.151806 seconds
Solution Path: (5, 2, 4, 3, 1, 0, 5)
Solution Cost: 1.8823937233944261
Loaded road cost matrix:
[[0.         0.10327208 0.69152171 0.98645025 0.68937703 0.22220281]
 [0.10327208 0.         0.34563156 0.1419003  0.49572155 0.93101244]
 [0.69152171 0.34563156 0.         0.84075664 0.12554917 0.32324414]
 [0.98645025 0.1419003  0.84075664 0.         0.96622522 0.76886313]
 [0.68937703 0.49572155 0.12554917 0.96622522 0.         0.677847  ]
 [0.22220281 0.93101244 0.32324414 0.76886313 0.677847   0.        ]]
Display GA Progress across Generations (will override your provided matrix. Uses matrices of size 15 cities & 500 num_generations)?Running genetic algorithm...
Provide (float) mutation_chance hyperparameter: Provide population_size hyperparameter: Provide num_generations hyperparameter: CPU time 1.704860 seconds
Wall time 0.401228 seconds
Solution Path: (3, 1, 0, 5, 2, 4, 3)
Solution Cost: 1.8823937233944261
Loaded road cost matrix:
[[0.         0.12925639 0.43581239 0.36484958 0.70166028 0.19136554]
 [0.12925639 0.         0.56337729 0.56093458 0.59659965 0.72319018]
 [0.43581239 0.56337729 0.         0.88615966 0.06685949 0.73770946]
 [0.36484958 0.56093458 0.88615966 0.         0.19274278 0.54809258]
 [0.70166028 0.59659965 0.06685949 0.19274278 0.         0.56234174]
 [0.19136554 0.72319018 0.73770946 0.54809258 0.56234174 0.        ]]
Running A*...
7 paths have been expanded and 13 paths remain in the frontier
CPU time 0.059608 seconds
Wall time 0.004412 seconds
Solution Path: (0, 1, 2, 4, 3, 5, 0)
Solution Cost: 1.6916940635214188
Loaded road cost matrix:
[[0.         0.12925639 0.43581239 0.36484958 0.70166028 0.19136554]
 [0.12925639 0.         0.56337729 0.56093458 0.59659965 0.72319018]
 [0.43581239 0.56337729 0.         0.88615966 0.06685949 0.73770946]
 [0.36484958 0.56093458 0.88615966 0.         0.19274278 0.54809258]
 [0.70166028 0.59659965 0.06685949 0.19274278 0.         0.56234174]
 [0.19136554 0.72319018 0.73770946 0.54809258 0.56234174 0.        ]]
Display HC Progress across Generations (will override your provided matrix. Uses matrices of size 15 cities & 500 num_repeats)?Running hill climbing...
Provide num_repeats hyperparameter: CPU time 1.970411 seconds
Wall time 0.672578 seconds
Solution Path: (2, 4, 3, 5, 0, 1, 2)
Solution Cost: 1.6916940635214188
Loaded road cost matrix:
[[0.         0.12925639 0.43581239 0.36484958 0.70166028 0.19136554]
 [0.12925639 0.         0.56337729 0.56093458 0.59659965 0.72319018]
 [0.43581239 0.56337729 0.         0.88615966 0.06685949 0.73770946]
 [0.36484958 0.56093458 0.88615966 0.         0.19274278 0.54809258]
 [0.70166028 0.59659965 0.06685949 0.19274278 0.         0.56234174]
 [0.19136554 0.72319018 0.73770946 0.54809258 0.56234174 0.        ]]
Display SA Progress across Generations (will override your provided matrix. Uses matrices of size 15 cities & 3000 max_iterations)?Running simulated annealing...
Provide (float) alpha hyperparameter: Provide initial_temperature hyperparameter: Provide max_iterations hyperparameter: CPU time 1.475406 seconds
Wall time 0.144983 seconds
Solution Path: (1, 0, 5, 3, 4, 2, 1)
Solution Cost: 1.6916940635214188
Loaded road cost matrix:
[[0.         0.12925639 0.43581239 0.36484958 0.70166028 0.19136554]
 [0.12925639 0.         0.56337729 0.56093458 0.59659965 0.72319018]
 [0.43581239 0.56337729 0.         0.88615966 0.06685949 0.73770946]
 [0.36484958 0.56093458 0.88615966 0.         0.19274278 0.54809258]
 [0.70166028 0.59659965 0.06685949 0.19274278 0.         0.56234174]
 [0.19136554 0.72319018 0.73770946 0.54809258 0.56234174 0.        ]]
Display GA Progress across Generations (will override your provided matrix. Uses matrices of size 15 cities & 500 num_generations)?Running genetic algorithm...
Provide (float) mutation_chance hyperparameter: Provide population_size hyperparameter: Provide num_generations hyperparameter: CPU time 1.643035 seconds
Wall time 0.386976 seconds
Solution Path: (3, 5, 0, 1, 2, 4, 3)
Solution Cost: 1.6916940635214188
Loaded road cost matrix:
[[0.         0.47086739 0.51429629 0.99714965 0.35759955 0.78218375]
 [0.47086739 0.         0.80390506 0.09177951 0.75121998 0.49383889]
 [0.51429629 0.80390506 0.         0.01036038 0.43388405 0.96903354]
 [0.99714965 0.09177951 0.01036038 0.         0.49260945 0.09116907]
 [0.35759955 0.75121998 0.43388405 0.49260945 0.         0.12979249]
 [0.78218375 0.49383889 0.96903354 0.09116907 0.12979249 0.        ]]
Running A*...
13 paths have been expanded and 24 paths remain in the frontier
CPU time 0.118503 seconds
Wall time 0.008449 seconds
Solution Path: (0, 2, 3, 1, 5, 4, 0)
Solution Cost: 1.5976671041457715
Loaded road cost matrix:
[[0.         0.47086739 0.51429629 0.99714965 0.35759955 0.78218375]
 [0.47086739 0.         0.80390506 0.09177951 0.75121998 0.49383889]
 [0.51429629 0.80390506 0.         0.01036038 0.43388405 0.96903354]
 [0.99714965 0.09177951 0.01036038 0.         0.49260945 0.09116907]
 [0.35759955 0.75121998 0.43388405 0.49260945 0.         0.12979249]
 [0.78218375 0.49383889 0.96903354 0.09116907 0.12979249 0.        ]]
Display HC Progress across Generations (will override your provided matrix. Uses matrices of size 15 cities & 500 num_repeats)?Running hill climbing...
Provide num_repeats hyperparameter: CPU time 1.767549 seconds
Wall time 0.530526 seconds
Solution Path: (2, 0, 4, 5, 1, 3, 2)
Solution Cost: 1.5976671041457713
Loaded road cost matrix:
[[0.         0.47086739 0.51429629 0.99714965 0.35759955 0.78218375]
 [0.47086739 0.         0.80390506 0.09177951 0.75121998 0.49383889]
 [0.51429629 0.80390506 0.         0.01036038 0.43388405 0.96903354]
 [0.99714965 0.09177951 0.01036038 0.         0.49260945 0.09116907]
 [0.35759955 0.75121998 0.43388405 0.49260945 0.         0.12979249]
