Loaded road cost matrix:
[[0.         0.02225988 0.99027374 0.66213289 0.94538724]
 [0.02225988 0.         0.87443082 0.42840723 0.19109643]
 [0.99027374 0.87443082 0.         0.41199076 0.37440991]
 [0.66213289 0.42840723 0.41199076 0.         0.5948227 ]
 [0.94538724 0.19109643 0.37440991 0.5948227  0.        ]]
Display HC Progress across Generations (will override your provided matrix. Uses matrices of size 15 cities & 500 num_repeats)?Running hill climbing...
Provide num_repeats hyperparameter: CPU time 0.086573 seconds
Wall time 0.093809 seconds
Solution Path: (4, 1, 0, 3, 2, 4)
Solution Cost: 1.6618898722125257
Loaded road cost matrix:
[[0.         0.47458149 0.13660607 0.32961947 0.09090717]
 [0.47458149 0.         0.62084691 0.28813573 0.52058496]
 [0.13660607 0.62084691 0.         0.49837322 0.69704653]
 [0.32961947 0.28813573 0.49837322 0.         0.86205314]
 [0.09090717 0.52058496 0.69704653 0.86205314 0.        ]]
Display HC Progress across Generations (will override your provided matrix. Uses matrices of size 15 cities & 500 num_repeats)?Running hill climbing...
Provide num_repeats hyperparameter: CPU time 0.073337 seconds
Wall time 0.079471 seconds
Solution Path: (0, 2, 3, 1, 4, 0)
Solution Cost: 1.5346071521507416
Loaded road cost matrix:
[[0.         0.25604504 0.38379712 0.82268491 0.38865574]
 [0.25604504 0.         0.12419211 0.46185188 0.52274028]
 [0.38379712 0.12419211 0.         0.30511996 0.35804382]
 [0.82268491 0.46185188 0.30511996 0.         0.20138864]
 [0.38865574 0.52274028 0.35804382 0.20138864 0.        ]]
Display HC Progress across Generations (will override your provided matrix. Uses matrices of size 15 cities & 500 num_repeats)?Running hill climbing...
Provide num_repeats hyperparameter: CPU time 0.072119 seconds
Wall time 0.078153 seconds
Solution Path: (3, 2, 1, 0, 4, 3)
Solution Cost: 1.2754015017456721
Loaded road cost matrix:
[[0.         0.67206567 0.59499106 0.3700486  0.58451232]
 [0.67206567 0.         0.36143752 0.65958254 0.65678211]
 [0.59499106 0.36143752 0.         0.55508121 0.08763324]
 [0.3700486  0.65958254 0.55508121 0.         0.76835002]
 [0.58451232 0.65678211 0.08763324 0.76835002 0.        ]]
Display HC Progress across Generations (will override your provided matrix. Uses matrices of size 15 cities & 500 num_repeats)?Running hill climbing...
Provide num_repeats hyperparameter: CPU time 0.059660 seconds
Wall time 0.064649 seconds
Solution Path: (3, 0, 4, 2, 1, 3)
Solution Cost: 2.063214236978041
Loaded road cost matrix:
[[0.         0.25362789 0.58095221 0.59690669 0.60694126]
 [0.25362789 0.         0.88466269 0.71032514 0.29293269]
 [0.58095221 0.88466269 0.         0.00708385 0.66977304]
 [0.59690669 0.71032514 0.00708385 0.         0.0386635 ]
 [0.60694126 0.29293269 0.66977304 0.0386635  0.        ]]
Display HC Progress across Generations (will override your provided matrix. Uses matrices of size 15 cities & 500 num_repeats)?Running hill climbing...
Provide num_repeats hyperparameter: CPU time 0.064529 seconds
Wall time 0.069927 seconds
Solution Path: (1, 0, 2, 3, 4, 1)
Solution Cost: 1.1732601440847197
Loaded road cost matrix:
[[0.         0.29406584 0.71189152 0.89886878 0.30869943]
 [0.29406584 0.         0.14167959 0.32065917 0.81598165]
 [0.71189152 0.14167959 0.         0.80118407 0.11014777]
 [0.89886878 0.32065917 0.80118407 0.         0.84820104]
 [0.30869943 0.81598165 0.11014777 0.84820104 0.        ]]
Display HC Progress across Generations (will override your provided matrix. Uses matrices of size 15 cities & 500 num_repeats)?Running hill climbing...
Provide num_repeats hyperparameter: CPU time 0.074154 seconds
Wall time 0.080376 seconds
Solution Path: (4, 2, 1, 3, 0, 4)
Solution Cost: 1.780054743571514
Loaded road cost matrix:
[[0.         0.6088761  0.78076065 0.95341814 0.89066032]
 [0.6088761  0.         0.58349306 0.31661137 0.4741117 ]
 [0.78076065 0.58349306 0.         0.25337598 0.48192861]
 [0.95341814 0.31661137 0.25337598 0.         0.40838025]
 [0.89066032 0.4741117  0.48192861 0.40838025 0.        ]]
Display HC Progress across Generations (will override your provided matrix. Uses matrices of size 15 cities & 500 num_repeats)?Running hill climbing...
Provide num_repeats hyperparameter: CPU time 0.073178 seconds
Wall time 0.079305 seconds
Solution Path: (3, 2, 0, 1, 4, 3)
Solution Cost: 2.525504675545751
Loaded road cost matrix:
[[0.         0.87222111 0.33652691 0.47675842 0.24716663]
 [0.87222111 0.         0.3627639  0.60344241 0.41438237]
 [0.33652691 0.3627639  0.         0.33834615 0.51490913]
 [0.47675842 0.60344241 0.33834615 0.         0.59605592]
 [0.24716663 0.41438237 0.51490913 0.59605592 0.        ]]
Display HC Progress across Generations (will override your provided matrix. Uses matrices of size 15 cities & 500 num_repeats)?Running hill climbing...
Provide num_repeats hyperparameter: CPU time 0.055747 seconds
Wall time 0.060410 seconds
Solution Path: (0, 4, 1, 2, 3, 0)
Solution Cost: 1.839417464145442
Loaded road cost matrix:
[[0.         0.40595364 0.84317921 0.33197742 0.13587133]
 [0.40595364 0.         0.82121382 0.97706057 0.39158589]
 [0.84317921 0.82121382 0.         0.85112483 0.87261868]
 [0.33197742 0.97706057 0.85112483 0.         0.57445089]
 [0.13587133 0.39158589 0.87261868 0.57445089 0.        ]]
Display HC Progress across Generations (will override your provided matrix. Uses matrices of size 15 cities & 500 num_repeats)?Running hill climbing...
Provide num_repeats hyperparameter: CPU time 0.074208 seconds
Wall time 0.080418 seconds
Solution Path: (3, 2, 1, 4, 0, 3)
Solution Cost: 2.5317732913983138
Loaded road cost matrix:
[[0.         0.77166732 0.20644942 0.64645244 0.82233672]
 [0.77166732 0.         0.40959609 0.0576696  0.90362742]
 [0.20644942 0.40959609 0.         0.37805993 0.72706021]
 [0.64645244 0.0576696  0.37805993 0.         0.74876508]
 [0.82233672 0.90362742 0.72706021 0.74876508 0.        ]]
Display HC Progress across Generations (will override your provided matrix. Uses matrices of size 15 cities & 500 num_repeats)?Running hill climbing...
Provide num_repeats hyperparameter: CPU time 0.067950 seconds
Wall time 0.073644 seconds
Solution Path: (3, 4, 0, 2, 1, 3)
Solution Cost: 2.2448169173481496
Loaded road cost matrix:
[[0.         0.65497346 0.84360305 0.25023114 0.50908538 0.86450118
  0.28636595 0.60424054 0.35980162 0.22636623]
 [0.65497346 0.         0.13111313 0.959256   0.05139336 0.39750264
  0.37828285 0.27850542 0.77731901 0.40757029]
 [0.84360305 0.13111313 0.         0.79361823 0.30046511 0.65384837
  0.85088113 0.62268048 0.72460157 0.65033172]
 [0.25023114 0.959256   0.79361823 0.         0.32789094 0.63677026
  0.996074   0.34482569 0.9562821  0.54574681]
 [0.50908538 0.05139336 0.30046511 0.32789094 0.         0.87622989
  0.22118005 0.27716249 0.06338806 0.09864404]
 [0.86450118 0.39750264 0.65384837 0.63677026 0.87622989 0.
  0.18280629 0.62163136 0.52880869 0.29763991]
 [0.28636595 0.37828285 0.85088113 0.996074   0.22118005 0.18280629
  0.         0.27095767 0.72689762 0.630555  ]
 [0.60424054 0.27850542 0.62268048 0.34482569 0.27716249 0.62163136
  0.27095767 0.         0.88036272 0.34703207]
 [0.35980162 0.77731901 0.72460157 0.9562821  0.06338806 0.52880869
  0.72689762 0.88036272 0.         0.70006456]
 [0.22636623 0.40757029 0.65033172 0.54574681 0.09864404 0.29763991
  0.630555   0.34703207 0.70006456 0.        ]]
Display HC Progress across Generations (will override your provided matrix. Uses matrices of size 15 cities & 500 num_repeats)?Running hill climbing...
Provide num_repeats hyperparameter: CPU time 0.182316 seconds
Wall time 0.197555 seconds
Solution Path: (3, 7, 6, 5, 9, 2, 1, 4, 8, 0, 3)
Solution Cost: 2.6024885801786164
Loaded road cost matrix:
[[0.         0.37211655 0.82861528 0.28527412 0.67758905 0.21115212
  0.01203776 0.93219891 0.52714383 0.76881031]
 [0.37211655 0.         0.84756708 0.87274147 0.49984568 0.36499427
  0.94539344 0.56536403 0.20219015 0.68255761]
 [0.82861528 0.84756708 0.         0.84029048 0.67620337 0.0621114
  0.40484325 0.96013189 0.4843808  0.46693358]
 [0.28527412 0.87274147 0.84029048 0.         0.8950596  0.01312943
  0.99286038 0.46489418 0.92770715 0.10055374]
 [0.67758905 0.49984568 0.67620337 0.8950596  0.         0.64459837
  0.74888562 0.11120481 0.28399131 0.35882497]
 [0.21115212 0.36499427 0.0621114  0.01312943 0.64459837 0.
  0.00455432 0.11477753 0.27194462 0.83520257]
 [0.01203776 0.94539344 0.40484325 0.99286038 0.74888562 0.00455432
  0.         0.66877133 0.37646015 0.02447854]
 [0.93219891 0.56536403 0.96013189 0.46489418 0.11120481 0.11477753
  0.66877133 0.         0.13144076 0.94638078]
 [0.52714383 0.20219015 0.4843808  0.92770715 0.28399131 0.27194462
  0.37646015 0.13144076 0.         0.22845133]
 [0.76881031 0.68255761 0.46693358 0.10055374 0.35882497 0.83520257
  0.02447854 0.94638078 0.22845133 0.        ]]
Display HC Progress across Generations (will override your provided matrix. Uses matrices of size 15 cities & 500 num_repeats)?Running hill climbing...
Provide num_repeats hyperparameter: CPU time 0.179286 seconds
Wall time 0.194256 seconds
Solution Path: (3, 9, 6, 0, 1, 8, 7, 4, 2, 5, 3)
Solution Cost: 1.705466524080041
Loaded road cost matrix:
[[0.         0.95487733 0.15723053 0.41203455 0.20182701 0.97066004
  0.01385596 0.81395277 0.3543356  0.74908343]
 [0.95487733 0.         0.41460998 0.09673981 0.94089432 0.82204736
  0.57279923 0.0735666  0.72998977 0.56143732]
 [0.15723053 0.41460998 0.         0.53236508 0.69754372 0.24260776
  0.40859876 0.38283111 0.02425725 0.05463386]
 [0.41203455 0.09673981 0.53236508 0.         0.00858405 0.67427333
  0.34510268 0.21186477 0.20395877 0.23854038]
 [0.20182701 0.94089432 0.69754372 0.00858405 0.         0.74449127
  0.68103813 0.78877806 0.15407009 0.99178625]
 [0.97066004 0.82204736 0.24260776 0.67427333 0.74449127 0.
  0.37935516 0.26590512 0.08639266 0.90309976]
 [0.01385596 0.57279923 0.40859876 0.34510268 0.68103813 0.37935516
  0.         0.29540915 0.09780762 0.07247859]
 [0.81395277 0.0735666  0.38283111 0.21186477 0.78877806 0.26590512
  0.29540915 0.         0.1606539  0.24744707]
 [0.3543356  0.72998977 0.02425725 0.20395877 0.15407009 0.08639266
  0.09780762 0.1606539  0.         0.97404112]
 [0.74908343 0.56143732 0.05463386 0.23854038 0.99178625 0.90309976
  0.07247859 0.24744707 0.97404112 0.        ]]
Display HC Progress across Generations (will override your provided matrix. Uses matrices of size 15 cities & 500 num_repeats)?Running hill climbing...
Provide num_repeats hyperparameter: CPU time 0.179592 seconds
Wall time 0.194582 seconds
Solution Path: (5, 8, 2, 9, 6, 0, 4, 3, 1, 7, 5)
Solution Cost: 0.8982409106571694
Loaded road cost matrix:
[[0.         0.14730867 0.77936028 0.44790795 0.39996524 0.73278304
  0.9321532  0.26483182 0.23134818 0.20465636]
 [0.14730867 0.         0.15967301 0.10421349 0.52058397 0.87988871
  0.01403895 0.70705337 0.35779441 0.60137371]
 [0.77936028 0.15967301 0.         0.34118185 0.63681642 0.87712723
  0.08768663 0.11946685 0.30102479 0.90388723]
 [0.44790795 0.10421349 0.34118185 0.         0.53177857 0.57267141
  0.65226864 0.78068857 0.92013043 0.22892073]
 [0.39996524 0.52058397 0.63681642 0.53177857 0.         0.58634395
  0.4389782  0.66465794 0.48666456 0.26002441]
 [0.73278304 0.87988871 0.87712723 0.57267141 0.58634395 0.
  0.12618164 0.78919055 0.77591541 0.00871034]
 [0.9321532  0.01403895 0.08768663 0.65226864 0.4389782  0.12618164
  0.         0.32267233 0.55188358 0.49491897]
 [0.26483182 0.70705337 0.11946685 0.78068857 0.66465794 0.78919055
  0.32267233 0.         0.25663713 0.30728307]
 [0.23134818 0.35779441 0.30102479 0.92013043 0.48666456 0.77591541
  0.55188358 0.25663713 0.         0.65505432]
 [0.20465636 0.60137371 0.90388723 0.22892073 0.26002441 0.00871034
  0.49491897 0.30728307 0.65505432 0.        ]]
Display HC Progress across Generations (will override your provided matrix. Uses matrices of size 15 cities & 500 num_repeats)?Running hill climbing...
Provide num_repeats hyperparameter: CPU time 0.185536 seconds
Wall time 0.201035 seconds
Solution Path: (2, 3, 1, 6, 5, 9, 4, 0, 8, 7, 2)
Solution Cost: 1.8617680847271898
Loaded road cost matrix:
[[0.         0.73462902 0.4867741  0.39428332 0.1878352  0.12339776
  0.13578703 0.80372661 0.58914948 0.21084448]
 [0.73462902 0.         0.98906366 0.68095896 0.04437423 0.59018177
  0.14185972 0.84396738 0.24256476 0.93272896]
 [0.4867741  0.98906366 0.         0.25012553 0.01266265 0.09419033
  0.66155834 0.09468141 0.40141298 0.20065815]
 [0.39428332 0.68095896 0.25012553 0.         0.51001881 0.62815699
  0.13584555 0.80752336 0.65453112 0.99061962]
 [0.1878352  0.04437423 0.01266265 0.51001881 0.         0.80596509
  0.56921493 0.70200424 0.9726152  0.44599882]
 [0.12339776 0.59018177 0.09419033 0.62815699 0.80596509 0.
  0.73788295 0.52759622 0.75493316 0.32208401]
 [0.13578703 0.14185972 0.66155834 0.13584555 0.56921493 0.73788295
  0.         0.94225834 0.32263704 0.2823527 ]
 [0.80372661 0.84396738 0.09468141 0.80752336 0.70200424 0.52759622
  0.94225834 0.         0.46551122 0.75122893]
 [0.58914948 0.24256476 0.40141298 0.65453112 0.9726152  0.75493316
  0.32263704 0.46551122 0.         0.34030099]
 [0.21084448 0.93272896 0.20065815 0.99061962 0.44599882 0.32208401
  0.2823527  0.75122893 0.34030099 0.        ]]
Display HC Progress across Generations (will override your provided matrix. Uses matrices of size 15 cities & 500 num_repeats)?Running hill climbing...
Provide num_repeats hyperparameter: CPU time 0.183124 seconds
Wall time 0.198410 seconds
Solution Path: (4, 2, 7, 8, 9, 5, 0, 3, 6, 1, 4)
Solution Cost: 2.0750008600412837
Loaded road cost matrix:
[[0.         0.82721283 0.23319848 0.55634364 0.01690722 0.46914807
  0.5706869  0.83886016 0.05852557 0.43818974]
 [0.82721283 0.         0.27780564 0.14783721 0.81541406 0.90721164
  0.18622852 0.66147958 0.42261415 0.34210827]
 [0.23319848 0.27780564 0.         0.4460663  0.5242134  0.16479583
  0.11310864 0.01034683 0.62670952 0.05115746]
 [0.55634364 0.14783721 0.4460663  0.         0.04733314 0.0127591
  0.81165209 0.03876395 0.35583652 0.26343028]
 [0.01690722 0.81541406 0.5242134  0.04733314 0.         0.57424692
  0.94859097 0.56205919 0.8767638  0.35069912]
 [0.46914807 0.90721164 0.16479583 0.0127591  0.57424692 0.
  0.70792648 0.56618018 0.70915073 0.59826403]
 [0.5706869  0.18622852 0.11310864 0.81165209 0.94859097 0.70792648
  0.         0.41349841 0.42908527 0.04424307]
 [0.83886016 0.66147958 0.01034683 0.03876395 0.56205919 0.56618018
  0.41349841 0.         0.86902565 0.08787075]
 [0.05852557 0.42261415 0.62670952 0.35583652 0.8767638  0.70915073
  0.42908527 0.86902565 0.         0.18934225]
 [0.43818974 0.34210827 0.05115746 0.26343028 0.35069912 0.59826403
  0.04424307 0.08787075 0.18934225 0.        ]]
Display HC Progress across Generations (will override your provided matrix. Uses matrices of size 15 cities & 500 num_repeats)?Running hill climbing...
Provide num_repeats hyperparameter: CPU time 0.197919 seconds
Wall time 0.214440 seconds
Solution Path: (9, 7, 2, 5, 3, 4, 0, 8, 1, 6, 9)
Solution Cost: 1.0516241686244174
Loaded road cost matrix:
[[0.         0.91608177 0.78468333 0.79391131 0.67385607 0.19276321
  0.98669782 0.85602789 0.12775643 0.21471443]
 [0.91608177 0.         0.54312565 0.75568322 0.01139179 0.98589749
  0.27984568 0.64588258 0.7936624  0.74663695]
 [0.78468333 0.54312565 0.         0.0392868  0.47022825 0.39011618
  0.31187769 0.10149762 0.91977479 0.55490348]
 [0.79391131 0.75568322 0.0392868  0.         0.14218167 0.29295938
  0.39136676 0.43975413 0.66498267 0.11302528]
 [0.67385607 0.01139179 0.47022825 0.14218167 0.         0.81256677
  0.18272268 0.82796194 0.1976995  0.72566737]
 [0.19276321 0.98589749 0.39011618 0.29295938 0.81256677 0.
  0.47868697 0.95300353 0.45414583 0.73252404]
 [0.98669782 0.27984568 0.31187769 0.39136676 0.18272268 0.47868697
  0.         0.29722182 0.29520822 0.3702582 ]
 [0.85602789 0.64588258 0.10149762 0.43975413 0.82796194 0.95300353
  0.29722182 0.         0.57957473 0.95685759]
 [0.12775643 0.7936624  0.91977479 0.66498267 0.1976995  0.45414583
  0.29520822 0.57957473 0.         0.35372178]
 [0.21471443 0.74663695 0.55490348 0.11302528 0.72566737 0.73252404
  0.3702582  0.95685759 0.35372178 0.        ]]
Display HC Progress across Generations (will override your provided matrix. Uses matrices of size 15 cities & 500 num_repeats)?Running hill climbing...
Provide num_repeats hyperparameter: CPU time 0.199727 seconds
Wall time 0.216397 seconds
Solution Path: (2, 3, 9, 0, 5, 8, 4, 1, 6, 7, 2)
Solution Cost: 1.9015919681483182
Loaded road cost matrix:
[[0.         0.3216688  0.45466259 0.55175166 0.23719843 0.25739956
  0.74094142 0.03183702 0.37009506 0.19193566]
 [0.3216688  0.         0.20392056 0.51171078 0.62881922 0.38296025
  0.07326141 0.03379009 0.15238054 0.71320142]
 [0.45466259 0.20392056 0.         0.5002517  0.53147294 0.45776764
  0.52948455 0.35836506 0.29466438 0.84141541]
 [0.55175166 0.51171078 0.5002517  0.         0.82860485 0.28807261
  0.99021683 0.97002447 0.18907181 0.79333187]
 [0.23719843 0.62881922 0.53147294 0.82860485 0.         0.5893764
  0.84084426 0.13324043 0.95048227 0.71318133]
 [0.25739956 0.38296025 0.45776764 0.28807261 0.5893764  0.
  0.62331815 0.73305317 0.19291664 0.79395156]
 [0.74094142 0.07326141 0.52948455 0.99021683 0.84084426 0.62331815
  0.         0.2454466  0.53648304 0.88762438]
 [0.03183702 0.03379009 0.35836506 0.97002447 0.13324043 0.73305317
  0.2454466  0.         0.37599643 0.68981165]
 [0.37009506 0.15238054 0.29466438 0.18907181 0.95048227 0.19291664
  0.53648304 0.37599643 0.         0.52758707]
 [0.19193566 0.71320142 0.84141541 0.79333187 0.71318133 0.79395156
  0.88762438 0.68981165 0.52758707 0.        ]]
Display HC Progress across Generations (will override your provided matrix. Uses matrices of size 15 cities & 500 num_repeats)?Running hill climbing...
Provide num_repeats hyperparameter: CPU time 0.249561 seconds
Wall time 0.270386 seconds
Solution Path: (3, 8, 9, 0, 4, 7, 6, 1, 2, 5, 3)
Solution Cost: 2.5475022239206417
Loaded road cost matrix:
[[0.         0.7635074  0.9115221  0.67533215 0.03554941 0.07072954
  0.54036488 0.63599739 0.91343887 0.26989539]
 [0.7635074  0.         0.67134016 0.49489405 0.46298898 0.93969209
  0.43919733 0.35072178 0.75077303 0.81752782]
 [0.9115221  0.67134016 0.         0.43980753 0.03877075 0.75367548
  0.33778472 0.14356109 0.22681282 0.43406516]
 [0.67533215 0.49489405 0.43980753 0.         0.24874229 0.71917884
  0.85982005 0.37479538 0.97607095 0.55387251]
 [0.03554941 0.46298898 0.03877075 0.24874229 0.         0.70006742
  0.46538071 0.75126619 0.97838496 0.31352405]
 [0.07072954 0.93969209 0.75367548 0.71917884 0.70006742 0.
  0.13919566 0.18140761 0.35223195 0.47544029]
 [0.54036488 0.43919733 0.33778472 0.85982005 0.46538071 0.13919566
  0.         0.01751535 0.37408875 0.67642227]
 [0.63599739 0.35072178 0.14356109 0.37479538 0.75126619 0.18140761
  0.01751535 0.         0.55082774 0.59264571]
 [0.91343887 0.75077303 0.22681282 0.97607095 0.97838496 0.35223195
  0.37408875 0.55082774 0.         0.35311861]
 [0.26989539 0.81752782 0.43406516 0.55387251 0.31352405 0.47544029
  0.67642227 0.59264571 0.35311861 0.        ]]
Display HC Progress across Generations (will override your provided matrix. Uses matrices of size 15 cities & 500 num_repeats)?Running hill climbing...
Provide num_repeats hyperparameter: CPU time 0.204543 seconds
Wall time 0.221616 seconds
Solution Path: (5, 6, 7, 1, 3, 4, 2, 8, 9, 0, 5)
Solution Cost: 2.2103962543041997
Loaded road cost matrix:
[[0.         0.12874331 0.75997487 0.83472291 0.17278578 0.20057059
  0.77584463 0.73042791 0.04683015 0.14242384]
 [0.12874331 0.         0.40288651 0.54761481 0.7797839  0.95308149
  0.37598659 0.30047434 0.31328706 0.33873403]
 [0.75997487 0.40288651 0.         0.46339287 0.13165417 0.9446055
  0.98849789 0.37716133 0.4919542  0.06121081]
 [0.83472291 0.54761481 0.46339287 0.         0.89523323 0.83754019
  0.65063366 0.03564253 0.57157169 0.31442503]
 [0.17278578 0.7797839  0.13165417 0.89523323 0.         0.81281666
  0.97346651 0.74696018 0.97135062 0.91748828]
 [0.20057059 0.95308149 0.9446055  0.83754019 0.81281666 0.
  0.25695791 0.28255091 0.65704536 0.98910937]
 [0.77584463 0.37598659 0.98849789 0.65063366 0.97346651 0.25695791
  0.         0.14468014 0.87364139 0.23226046]
 [0.73042791 0.30047434 0.37716133 0.03564253 0.74696018 0.28255091
  0.14468014 0.         0.3670283  0.67654117]
 [0.04683015 0.31328706 0.4919542  0.57157169 0.97135062 0.65704536
  0.87364139 0.3670283  0.         0.55230839]
 [0.14242384 0.33873403 0.06121081 0.31442503 0.91748828 0.98910937
  0.23226046 0.67654117 0.55230839 0.        ]]
Display HC Progress across Generations (will override your provided matrix. Uses matrices of size 15 cities & 500 num_repeats)?Running hill climbing...
Provide num_repeats hyperparameter: CPU time 0.181484 seconds
Wall time 0.196640 seconds
Solution Path: (1, 8, 0, 4, 2, 9, 3, 7, 5, 6, 1)
Solution Cost: 1.9913309317709875
Loaded road cost matrix:
[[0.         0.1243321  0.55741007 0.43702355 0.04557948 0.5680742
  0.36613753 0.98421919 0.75661849 0.27442542 0.88429447 0.25924633
  0.60590342 0.40407269 0.63946534]
 [0.1243321  0.         0.97234361 0.81669728 0.72189716 0.01611969
  0.40654348 0.13922869 0.75017635 0.58981906 0.30145425 0.49189647
  0.08169931 0.18888968 0.93793833]
 [0.55741007 0.97234361 0.         0.76090351 0.55612559 0.77373127
  0.92008779 0.28021637 0.13145215 0.19137053 0.67654381 0.76891601
  0.0406069  0.11208239 0.80879389]
 [0.43702355 0.81669728 0.76090351 0.         0.37348746 0.09962333
  0.78918135 0.81531016 0.65999278 0.72576234 0.14639223 0.0149356
  0.19895158 0.97386325 0.727324  ]
 [0.04557948 0.72189716 0.55612559 0.37348746 0.         0.56007067
  0.22328692 0.85770949 0.52759527 0.7560966  0.92514886 0.60146002
  0.09504318 0.14776534 0.85090457]
 [0.5680742  0.01611969 0.77373127 0.09962333 0.56007067 0.
  0.07642273 0.33921239 0.21220016 0.01366692 0.03563425 0.0250522
  0.33147048 0.3132598  0.90525867]
 [0.36613753 0.40654348 0.92008779 0.78918135 0.22328692 0.07642273
  0.         0.20319562 0.22240239 0.2959818  0.93358837 0.39442955
  0.4663135  0.24895499 0.10627251]
 [0.98421919 0.13922869 0.28021637 0.81531016 0.85770949 0.33921239
  0.20319562 0.         0.98428195 0.22920103 0.85461494 0.92858017
  0.01921566 0.94775306 0.61151688]
 [0.75661849 0.75017635 0.13145215 0.65999278 0.52759527 0.21220016
  0.22240239 0.98428195 0.         0.23787791 0.09692983 0.73503192
  0.87122572 0.1801633  0.92938688]
 [0.27442542 0.58981906 0.19137053 0.72576234 0.7560966  0.01366692
  0.2959818  0.22920103 0.23787791 0.         0.03895691 0.4555898
  0.45197916 0.14592398 0.85077069]
 [0.88429447 0.30145425 0.67654381 0.14639223 0.92514886 0.03563425
  0.93358837 0.85461494 0.09692983 0.03895691 0.         0.6730608
  0.40800143 0.22558556 0.55383148]
 [0.25924633 0.49189647 0.76891601 0.0149356  0.60146002 0.0250522
  0.39442955 0.92858017 0.73503192 0.4555898  0.6730608  0.
  0.11400352 0.77507882 0.99264523]
 [0.60590342 0.08169931 0.0406069  0.19895158 0.09504318 0.33147048
  0.4663135  0.01921566 0.87122572 0.45197916 0.40800143 0.11400352
  0.         0.06223595 0.47106569]
 [0.40407269 0.18888968 0.11208239 0.97386325 0.14776534 0.3132598
  0.24895499 0.94775306 0.1801633  0.14592398 0.22558556 0.77507882
  0.06223595 0.         0.22158994]
 [0.63946534 0.93793833 0.80879389 0.727324   0.85090457 0.90525867
  0.10627251 0.61151688 0.92938688 0.85077069 0.55383148 0.99264523
  0.47106569 0.22158994 0.        ]]
Display HC Progress across Generations (will override your provided matrix. Uses matrices of size 15 cities & 500 num_repeats)?Running hill climbing...
Provide num_repeats hyperparameter: CPU time 0.338771 seconds
Wall time 0.367030 seconds
Solution Path: (6, 14, 13, 4, 0, 9, 10, 8, 2, 12, 11, 3, 5, 1, 7, 6)
Solution Cost: 1.6906849352038833
Loaded road cost matrix:
[[0.         0.87125206 0.29774206 0.95359599 0.07977701 0.18119867
  0.59686547 0.33465473 0.05836657 0.98122071 0.39175672 0.34329236
  0.49244954 0.00895869 0.02294552]
 [0.87125206 0.         0.39957625 0.38040842 0.2018227  0.09525685
  0.83902328 0.41524004 0.76129494 0.12293209 0.32775677 0.83643319
  0.52696411 0.23710148 0.51490908]
 [0.29774206 0.39957625 0.         0.56872917 0.46779109 0.0380491
  0.93518471 0.42369409 0.20016879 0.67313533 0.92471433 0.62315157
  0.19528504 0.48629507 0.87768405]
 [0.95359599 0.38040842 0.56872917 0.         0.41289063 0.74717647
  0.70989214 0.83991531 0.09960728 0.82922352 0.13515258 0.46332424
  0.35216547 0.25369034 0.27933512]
 [0.07977701 0.2018227  0.46779109 0.41289063 0.         0.50760051
  0.51638169 0.69362817 0.27540992 0.50246478 0.77481592 0.8324568
  0.95734664 0.85751096 0.7914984 ]
 [0.18119867 0.09525685 0.0380491  0.74717647 0.50760051 0.
  0.94589444 0.84624914 0.40291112 0.70492827 0.54718241 0.99330313
  0.7132044  0.51574399 0.65386272]
 [0.59686547 0.83902328 0.93518471 0.70989214 0.51638169 0.94589444
  0.         0.90530133 0.88631788 0.18353988 0.99062873 0.38898161
  0.41829426 0.26591261 0.59520748]
 [0.33465473 0.41524004 0.42369409 0.83991531 0.69362817 0.84624914
  0.90530133 0.         0.88182679 0.38441347 0.78733998 0.94123784
  0.39461366 0.17171403 0.64177111]
 [0.05836657 0.76129494 0.20016879 0.09960728 0.27540992 0.40291112
  0.88631788 0.88182679 0.         0.48944105 0.74923146 0.89848573
  0.83278663 0.31852655 0.45603646]
 [0.98122071 0.12293209 0.67313533 0.82922352 0.50246478 0.70492827
  0.18353988 0.38441347 0.48944105 0.         0.94183388 0.98743899
  0.4028099  0.70232767 0.52497448]
 [0.39175672 0.32775677 0.92471433 0.13515258 0.77481592 0.54718241
  0.99062873 0.78733998 0.74923146 0.94183388 0.         0.87493075
  0.1326768  0.66468899 0.43415433]
 [0.34329236 0.83643319 0.62315157 0.46332424 0.8324568  0.99330313
  0.38898161 0.94123784 0.89848573 0.98743899 0.87493075 0.
  0.60319483 0.37760861 0.50730048]
 [0.49244954 0.52696411 0.19528504 0.35216547 0.95734664 0.7132044
  0.41829426 0.39461366 0.83278663 0.4028099  0.1326768  0.60319483
  0.         0.55721272 0.10204941]
 [0.00895869 0.23710148 0.48629507 0.25369034 0.85751096 0.51574399
  0.26591261 0.17171403 0.31852655 0.70232767 0.66468899 0.37760861
  0.55721272 0.         0.46882665]
 [0.02294552 0.51490908 0.87768405 0.27933512 0.7914984  0.65386272
  0.59520748 0.64177111 0.45603646 0.52497448 0.43415433 0.50730048
  0.10204941 0.46882665 0.        ]]
Display HC Progress across Generations (will override your provided matrix. Uses matrices of size 15 cities & 500 num_repeats)?Running hill climbing...
Provide num_repeats hyperparameter: CPU time 0.302020 seconds
Wall time 0.327231 seconds
Solution Path: (9, 6, 4, 1, 5, 2, 12, 10, 3, 8, 0, 14, 11, 13, 7, 9)
Solution Cost: 3.120120612980909
Loaded road cost matrix:
[[0.         0.97175755 0.07812324 0.47445295 0.93377266 0.96649564
  0.06317896 0.17089308 0.41757513 0.39043609 0.76896109 0.64455584
  0.01347169 0.20579336 0.24564479]
 [0.97175755 0.         0.45951648 0.7911587  0.2510829  0.45777067
  0.39645646 0.23045358 0.46561656 0.02960987 0.60763871 0.6857596
  0.94030979 0.56547749 0.31420045]
 [0.07812324 0.45951648 0.         0.41560415 0.39002012 0.9680722
  0.68008505 0.95651038 0.17872165 0.75126358 0.42818145 0.0023647
  0.80153299 0.47447856 0.08973565]
 [0.47445295 0.7911587  0.41560415 0.         0.80653619 0.35976506
  0.40401345 0.35057496 0.2763658  0.11123796 0.04732304 0.11383464
  0.93351032 0.01953691 0.09985158]
 [0.93377266 0.2510829  0.39002012 0.80653619 0.         0.37684737
  0.27169061 0.77634683 0.63682825 0.54942213 0.28092224 0.05857823
  0.24466291 0.69302184 0.65829604]
 [0.96649564 0.45777067 0.9680722  0.35976506 0.37684737 0.
  0.61259431 0.93810559 0.76007971 0.45597974 0.47692456 0.04527032
  0.63155984 0.40990715 0.93635877]
 [0.06317896 0.39645646 0.68008505 0.40401345 0.27169061 0.61259431
  0.         0.14104464 0.03986001 0.44128399 0.54708432 0.99628298
  0.15508309 0.09999552 0.77585593]
 [0.17089308 0.23045358 0.95651038 0.35057496 0.77634683 0.93810559
  0.14104464 0.         0.96162234 0.4991279  0.55437087 0.48071084
  0.0164408  0.93842793 0.49680729]
 [0.41757513 0.46561656 0.17872165 0.2763658  0.63682825 0.76007971
  0.03986001 0.96162234 0.         0.24562276 0.34311974 0.78665951
  0.3659835  0.59578932 0.24966449]
 [0.39043609 0.02960987 0.75126358 0.11123796 0.54942213 0.45597974
  0.44128399 0.4991279  0.24562276 0.         0.27914553 0.18431894
  0.04941971 0.56782783 0.00508427]
 [0.76896109 0.60763871 0.42818145 0.04732304 0.28092224 0.47692456
  0.54708432 0.55437087 0.34311974 0.27914553 0.         0.12312868
  0.11035092 0.61824046 0.28341536]
 [0.64455584 0.6857596  0.0023647  0.11383464 0.05857823 0.04527032
  0.99628298 0.48071084 0.78665951 0.18431894 0.12312868 0.
  0.83853917 0.56255366 0.3940675 ]
 [0.01347169 0.94030979 0.80153299 0.93351032 0.24466291 0.63155984
  0.15508309 0.0164408  0.3659835  0.04941971 0.11035092 0.83853917
  0.         0.29486148 0.73316868]
 [0.20579336 0.56547749 0.47447856 0.01953691 0.69302184 0.40990715
  0.09999552 0.93842793 0.59578932 0.56782783 0.61824046 0.56255366
  0.29486148 0.         0.33086479]
 [0.24564479 0.31420045 0.08973565 0.09985158 0.65829604 0.93635877
  0.77585593 0.49680729 0.24966449 0.00508427 0.28341536 0.3940675
  0.73316868 0.33086479 0.        ]]
Display HC Progress across Generations (will override your provided matrix. Uses matrices of size 15 cities & 500 num_repeats)?Running hill climbing...
Provide num_repeats hyperparameter: CPU time 0.305419 seconds
Wall time 0.330907 seconds
Solution Path: (13, 14, 9, 1, 4, 11, 5, 3, 10, 12, 7, 0, 2, 8, 6, 13)
Solution Cost: 1.8219636908193322
Loaded road cost matrix:
[[0.         0.53176141 0.01009254 0.80271697 0.90686384 0.84327144
  0.68453938 0.82676641 0.75785123 0.0699689  0.92669924 0.2619598
  0.08798261 0.98522611 0.8999789 ]
 [0.53176141 0.         0.22629545 0.62060195 0.85076672 0.19013529
  0.2831291  0.66640529 0.20007971 0.62757114 0.92393552 0.9019298
  0.36292964 0.23513358 0.70617504]
 [0.01009254 0.22629545 0.         0.80388507 0.8974713  0.70232293
  0.57462442 0.89357185 0.45415507 0.59243823 0.2870883  0.04878534
  0.03273939 0.49985483 0.21572317]
 [0.80271697 0.62060195 0.80388507 0.         0.13307157 0.44859597
  0.2711625  0.5527707  0.04573123 0.09957866 0.19448752 0.81574295
  0.53851162 0.04820666 0.58487301]
 [0.90686384 0.85076672 0.8974713  0.13307157 0.         0.91916381
  0.73296089 0.76677355 0.2394617  0.0833723  0.30838207 0.01583599
  0.97310692 0.01213133 0.01465963]
 [0.84327144 0.19013529 0.70232293 0.44859597 0.91916381 0.
  0.13024698 0.17617735 0.47513275 0.61431554 0.02604204 0.95090273
  0.18973751 0.46851787 0.70522492]
 [0.68453938 0.2831291  0.57462442 0.2711625  0.73296089 0.13024698
  0.         0.32153036 0.66234329 0.33071958 0.08005856 0.95199746
  0.16379944 0.54618764 0.76684861]
 [0.82676641 0.66640529 0.89357185 0.5527707  0.76677355 0.17617735
  0.32153036 0.         0.22116324 0.19673394 0.66085027 0.06382026
  0.01958869 0.75732085 0.2452735 ]
 [0.75785123 0.20007971 0.45415507 0.04573123 0.2394617  0.47513275
  0.66234329 0.22116324 0.         0.80411592 0.75458872 0.18483329
  0.81388428 0.02067398 0.50396862]
 [0.0699689  0.62757114 0.59243823 0.09957866 0.0833723  0.61431554
  0.33071958 0.19673394 0.80411592 0.         0.09893751 0.91686556
  0.20095303 0.48868976 0.31758688]
 [0.92669924 0.92393552 0.2870883  0.19448752 0.30838207 0.02604204
  0.08005856 0.66085027 0.75458872 0.09893751 0.         0.91365796
  0.81369339 0.21347947 0.03533993]
 [0.2619598  0.9019298  0.04878534 0.81574295 0.01583599 0.95090273
  0.95199746 0.06382026 0.18483329 0.91686556 0.91365796 0.
  0.14256345 0.88045132 0.6650715 ]
 [0.08798261 0.36292964 0.03273939 0.53851162 0.97310692 0.18973751
  0.16379944 0.01958869 0.81388428 0.20095303 0.81369339 0.14256345
  0.         0.96265392 0.22484635]
 [0.98522611 0.23513358 0.49985483 0.04820666 0.01213133 0.46851787
  0.54618764 0.75732085 0.02067398 0.48868976 0.21347947 0.88045132
  0.96265392 0.         0.80337817]
 [0.8999789  0.70617504 0.21572317 0.58487301 0.01465963 0.70522492
  0.76684861 0.2452735  0.50396862 0.31758688 0.03533993 0.6650715
  0.22484635 0.80337817 0.        ]]
Display HC Progress across Generations (will override your provided matrix. Uses matrices of size 15 cities & 500 num_repeats)?Running hill climbing...
Provide num_repeats hyperparameter: CPU time 0.322433 seconds
Wall time 0.349332 seconds
Solution Path: (1, 8, 13, 3, 9, 0, 2, 11, 4, 14, 10, 6, 12, 7, 5, 1)
Solution Cost: 1.1929806586937128
Loaded road cost matrix:
[[0.         0.30814439 0.8267637  0.7368248  0.99784666 0.81497454
  0.75722685 0.84782943 0.09298779 0.26142424 0.55308599 0.04484095
  0.31661263 0.49103671 0.22664403]
 [0.30814439 0.         0.06546986 0.41046547 0.31491048 0.56942773
  0.13453578 0.45451065 0.54541184 0.30478357 0.3379679  0.4426705
  0.41297349 0.45227829 0.56046015]
 [0.8267637  0.06546986 0.         0.02524479 0.62421284 0.39224568
  0.36733531 0.9505804  0.31275238 0.91914192 0.55426537 0.61017277
  0.32628482 0.5741891  0.90215867]
 [0.7368248  0.41046547 0.02524479 0.         0.68467557 0.84537629
  0.44748491 0.90022514 0.11643421 0.15126778 0.38350507 0.76446838
  0.27330668 0.39595838 0.11114096]
 [0.99784666 0.31491048 0.62421284 0.68467557 0.         0.88217329
  0.05635443 0.59344748 0.95108615 0.89029589 0.75483746 0.5801056
  0.24949214 0.26952663 0.73501742]
 [0.81497454 0.56942773 0.39224568 0.84537629 0.88217329 0.
  0.04055285 0.46078034 0.63002007 0.13030954 0.10865641 0.74904498
  0.4465608  0.44046253 0.7448876 ]
 [0.75722685 0.13453578 0.36733531 0.44748491 0.05635443 0.04055285
  0.         0.56398612 0.07061371 0.66765948 0.79543152 0.84478703
  0.30312693 0.86387611 0.93740985]
 [0.84782943 0.45451065 0.9505804  0.90022514 0.59344748 0.46078034
  0.56398612 0.         0.09964577 0.36115443 0.62119818 0.66611826
  0.06320449 0.84421604 0.59611977]
 [0.09298779 0.54541184 0.31275238 0.11643421 0.95108615 0.63002007
  0.07061371 0.09964577 0.         0.16042007 0.42881521 0.45883186
  0.93799845 0.95080364 0.86224403]
 [0.26142424 0.30478357 0.91914192 0.15126778 0.89029589 0.13030954
  0.66765948 0.36115443 0.16042007 0.         0.96137593 0.83446652
  0.93278259 0.99059506 0.68824104]
 [0.55308599 0.3379679  0.55426537 0.38350507 0.75483746 0.10865641
  0.79543152 0.62119818 0.42881521 0.96137593 0.         0.25425798
  0.15734578 0.80337443 0.17737082]
 [0.04484095 0.4426705  0.61017277 0.76446838 0.5801056  0.74904498
  0.84478703 0.66611826 0.45883186 0.83446652 0.25425798 0.
  0.09743339 0.41235613 0.5355194 ]
 [0.31661263 0.41297349 0.32628482 0.27330668 0.24949214 0.4465608
  0.30312693 0.06320449 0.93799845 0.93278259 0.15734578 0.09743339
  0.         0.26284305 0.59777963]
 [0.49103671 0.45227829 0.5741891  0.39595838 0.26952663 0.44046253
  0.86387611 0.84421604 0.95080364 0.99059506 0.80337443 0.41235613
  0.26284305 0.         0.94621432]
 [0.22664403 0.56046015 0.90215867 0.11114096 0.73501742 0.7448876
  0.93740985 0.59611977 0.86224403 0.68824104 0.17737082 0.5355194
  0.59777963 0.94621432 0.        ]]
Display HC Progress across Generations (will override your provided matrix. Uses matrices of size 15 cities & 500 num_repeats)?Running hill climbing...
Provide num_repeats hyperparameter: CPU time 0.330817 seconds
Wall time 0.358410 seconds
Solution Path: (11, 0, 14, 3, 2, 1, 9, 8, 7, 12, 13, 4, 6, 5, 10, 11)
Solution Cost: 2.0935858570225707
Loaded road cost matrix:
[[0.         0.48922901 0.06695568 0.7657618  0.06468451 0.7477724
  0.69469723 0.26691478 0.49230868 0.72525317 0.26373816 0.37346574
  0.66995037 0.26914817 0.73855611]
 [0.48922901 0.         0.68842945 0.0120878  0.72972684 0.86470552
  0.42537451 0.24754729 0.81123249 0.60231866 0.7892026  0.75308235
  0.13286345 0.85162663 0.87183597]
 [0.06695568 0.68842945 0.         0.73920935 0.46269626 0.76714443
  0.68598432 0.53781286 0.13409746 0.87187055 0.7385297  0.76665894
  0.40544085 0.3644012  0.60770491]
 [0.7657618  0.0120878  0.73920935 0.         0.3736683  0.32254789
  0.68435586 0.68028077 0.85900213 0.25336423 0.78002791 0.54459402
  0.19096048 0.89132465 0.5139757 ]
 [0.06468451 0.72972684 0.46269626 0.3736683  0.         0.74307056
  0.18775606 0.07592183 0.71620586 0.31386497 0.22286331 0.98114999
  0.99827351 0.64933555 0.76994457]
 [0.7477724  0.86470552 0.76714443 0.32254789 0.74307056 0.
  0.84624879 0.23709532 0.58955538 0.25168676 0.37150484 0.03313639
  0.15706853 0.88877353 0.70195799]
 [0.69469723 0.42537451 0.68598432 0.68435586 0.18775606 0.84624879
  0.         0.42890318 0.28661781 0.07372083 0.32693684 0.83790406
  0.77429687 0.64149342 0.56918949]
 [0.26691478 0.24754729 0.53781286 0.68028077 0.07592183 0.23709532
  0.42890318 0.         0.70312482 0.67343036 0.62481926 0.17134718
  0.10660641 0.39948486 0.02482445]
 [0.49230868 0.81123249 0.13409746 0.85900213 0.71620586 0.58955538
  0.28661781 0.70312482 0.         0.29043132 0.59278876 0.03451499
  0.14708508 0.58284571 0.45461072]
 [0.72525317 0.60231866 0.87187055 0.25336423 0.31386497 0.25168676
  0.07372083 0.67343036 0.29043132 0.         0.31488726 0.44121358
  0.83881704 0.55029768 0.3621424 ]
 [0.26373816 0.7892026  0.7385297  0.78002791 0.22286331 0.37150484
  0.32693684 0.62481926 0.59278876 0.31488726 0.         0.69153062
  0.51472382 0.70742038 0.28752471]
 [0.37346574 0.75308235 0.76665894 0.54459402 0.98114999 0.03313639
  0.83790406 0.17134718 0.03451499 0.44121358 0.69153062 0.
  0.7540418  0.46443259 0.44744588]
 [0.66995037 0.13286345 0.40544085 0.19096048 0.99827351 0.15706853
  0.77429687 0.10660641 0.14708508 0.83881704 0.51472382 0.7540418
  0.         0.2806642  0.44117836]
 [0.26914817 0.85162663 0.3644012  0.89132465 0.64933555 0.88877353
  0.64149342 0.39948486 0.58284571 0.55029768 0.70742038 0.46443259
  0.2806642  0.         0.77034051]
 [0.73855611 0.87183597 0.60770491 0.5139757  0.76994457 0.70195799
  0.56918949 0.02482445 0.45461072 0.3621424  0.28752471 0.44744588
  0.44117836 0.77034051 0.        ]]
Display HC Progress across Generations (will override your provided matrix. Uses matrices of size 15 cities & 500 num_repeats)?Running hill climbing...
Provide num_repeats hyperparameter: CPU time 0.306165 seconds
Wall time 0.331727 seconds
Solution Path: (7, 14, 10, 4, 6, 9, 5, 11, 8, 2, 0, 13, 12, 3, 1, 7)
Solution Cost: 2.317488580219085
Loaded road cost matrix:
[[0.         0.14189336 0.89697012 0.24101182 0.18302935 0.46422361
  0.90818056 0.79679034 0.12779682 0.06958312 0.35216802 0.59497743
  0.16955208 0.4936988  0.4329548 ]
 [0.14189336 0.         0.57707762 0.52249473 0.89000988 0.551246
  0.94527178 0.97531302 0.48162487 0.8089555  0.80047313 0.161687
  0.02809295 0.17245905 0.88081775]
 [0.89697012 0.57707762 0.         0.44901735 0.13323867 0.25439292
  0.99497856 0.49289284 0.24356625 0.98569675 0.98803405 0.7333947
  0.10158552 0.13041317 0.21550296]
 [0.24101182 0.52249473 0.44901735 0.         0.44312136 0.52261819
  0.7529984  0.72012306 0.12402148 0.35200489 0.5604072  0.12194009
  0.2374218  0.99457519 0.59636745]
 [0.18302935 0.89000988 0.13323867 0.44312136 0.         0.85764798
  0.64988812 0.77920359 0.14105386 0.79025231 0.70925649 0.66518942
  0.65085019 0.00998966 0.02387585]
 [0.46422361 0.551246   0.25439292 0.52261819 0.85764798 0.
  0.95477839 0.02361073 0.82616875 0.04267138 0.89598382 0.9039149
  0.22732302 0.14071461 0.94347305]
 [0.90818056 0.94527178 0.99497856 0.7529984  0.64988812 0.95477839
  0.         0.06896039 0.1117891  0.86731015 0.95970043 0.84719789
  0.00817965 0.98502729 0.79731597]
